 18
 4 7
  18.2
  21.
  21.
  21.
  19.6
  16.1
  11.2
  5.6
  1.4
  0.
  0.
  0.
  0.
  0.
  0.
  0.
  1.4
  5.6
 4 4
  0.
  0.
  0.
  0.
  0.
  0.
  0.
 -1.4
 -5.6
 -18.2
 -21.
 -21.
 -21.
 -19.6
 -16.1
 -11.2
 -5.6
 -1.4
 7 2
 -20.
 -20.
 -20.
 -20.
 -20.
 -20.
 -20.
 -20.
 -20.
 -20.
 -20.
 -20.
 -20.
 -20.
 -20.
 -20.
 -20.
 -20.
 10 2
 -7.5
 -7.5
  0.
  7.5
  0.5
 -3.
 -7.5
 -7.5
  0.
  7.5
  0.5
 -3.
 -7.5
 -7.5
  0.
  7.5
  0.5
 -3.
 11 2
  7.5
  0.5
 -3.
 -7.5
 -7.5
  0.
  7.5
  0.5
 -3.
 -7.5
 -7.5
  0.
  7.5
  0.5
 -3.
 -7.5
 -7.5
  0.
 12 2
  7.
  0.
  0.
  7.
  32.
  22.
  7.
  0.
  0.
  7.
  32.
  22.
  7.
  0.
  0.
  7.
  32.
  22.
 12 2
 -7.5
 -7.5
  0.
  7.5
  0.5
 -3.
 -7.5
 -7.5
  0.
  7.5
  0.5
 -3.
 -7.5
 -7.5
  0.
  7.5
  0.5
 -3.
 13 2
  7.
  32.
  22.
  7.
  0.
  0.
  7.
  32.
  22.
  7.
  0.
  0.
  7.
  32.
  22.
  7.
  0.
  0.
 13 2
  7.5
  0.5
 -3.
 -7.5
 -7.5
  0.
  7.5
  0.5
 -3.
 -7.5
 -7.5
  0.
  7.5
  0.5
 -3.
 -7.5
 -7.5
  0.
 14 1
  10.
  10.
  10.
  10.
  10.
  10.
  10.
  10.
  10.
  10.
  10.
  10.
  10.
  10.
  10.
  10.
  10.
  10.
 14 2
 -10.
 -23.
 -40.
 -40.
 -15.
  3.
 -10.
 -23.
 -40.
 -40.
 -15.
  3.
 -10.
 -23.
 -40.
 -40.
 -15.
  3.
 14 2
  7.
  0.
  0.
  7.
  32.
  22.
  7.
  0.
  0.
  7.
  32.
  22.
  7.
  0.
  0.
  7.
  32.
  22.
 14 2
 -7.5
 -7.5
  0.
  7.5
  0.5
 -3.
 -7.5
 -7.5
  0.
  7.5
  0.5
 -3.
 -7.5
 -7.5
  0.
  7.5
  0.5
 -3.
 15 1
 -10.
 -10.
 -10.
 -10.
 -10.
 -10.
 -10.
 -10.
 -10.
 -10.
 -10.
 -10.
 -10.
 -10.
 -10.
 -10.
 -10.
 -10.
 15 2
 -40.
 -15.
  3.
 -10.
 -23.
 -40.
 -40.
 -15.
  3.
 -10.
 -23.
 -40.
 -40.
 -15.
  3.
 -10.
 -23.
 -40.
 15 2
  7.
  32.
  22.
  7.
  0.
  0.
  7.
  32.
  22.
  7.
  0.
  0.
  7.
  32.
  22.
  7.
  0.
  0.
 15 2
  7.5
  0.5
 -3.
 -7.5
 -7.5
  0.
  7.5
  0.5
 -3.
 -7.5
 -7.5
  0.
  7.5
  0.5
 -3.
 -7.5
 -7.5
  0.
 16 3
 -180.
 -195.
 -205.
 -212.
 -200.
 -130.
 -110.
 -110.
 -110.
 -110.
 -110.
 -110.
 -114.
 -129.
 -145.
 -165.
 -180.
 -182.
 16 1
  160.
  177.
  177.
  150.
  110.
  63.
  30.
  10.
  0.
 -10.
 -10.
 -7.
  2.
  16.
  32.
  50.
  70.
  115.
 16 3
  80.
  10.
 -15.
 -28.
 -37.6
 -40.8
 -42.4
 -36.
 -4.8
  0.
  0.
  0.
  4.
  20.
  32.
  47.
  62.
  83.
 16 2
  7.
  7.
  7.
  7.
  7.
  7.
  7.
  7.
  7.
  7.
  7.
  7.
  7.
  7.
  7.
  7.
  7.
  7.
 17 3
  110.
  110.
  110.
  114.
  129.
  145.
  165.
  180.
  182.
  180.
  195.
  205.
  212.
  200.
  130.
  110.
  110.
  110.
 17 1
  10.
  10.
  7.
 -2.
 -16.
 -32.
 -50.
 -70.
 -115.
 -160.
 -177.
 -177.
 -150.
 -110.
 -63.
 -30.
 -10.
  0.
 17 3
  0.
  0.
  0.
 -4.
 -20.
 -32.
 -47.
 -62.
 -83.
 -80.
 -10.
  15.
  28.
  37.6
  40.8
  42.4
  36.
  4.8
 17 2
  7.
  7.
  7.
  7.
  7.
  7.
  7.
  7.
  7.
  7.
  7.
  7.
  7.
  7.
  7.
  7.
  7.
  7.
 18 3
 -125.
 -97.
 -90.
 -85.
 -81.
 -77.
 -73.
 -70.
 -75.
 -106.
 -111.
 -109.
 -107.
 -106.
 -105.
 -104.
 -102.
 -106.
 18 2
 -50.
 -10.
 -1.
 -4.
 -31.2
 -59.7
 -50.2
 -25.8
 -7.9
 -1.
  0.
  0.
 -1.
 -3.
 -6.
 -19.
 -60.
 -75.
 18 3
 -180.
 -195.
 -205.
 -212.
 -200.
 -130.
 -110.
 -110.
 -110.
 -110.
 -110.
 -110.
 -114.
 -129.
 -145.
 -165.
 -180.
 -182.
 18 1
  160.
  177.
  177.
  150.
  110.
  63.
  30.
  10.
  0.
 -10.
 -10.
 -7.
  2.
  16.
  32.
  50.
  70.
  115.
 18 3
  80.
  10.
 -15.
 -28.
 -37.6
 -40.8
 -42.4
 -36.
 -4.8
  0.
  0.
  0.
  4.
  20.
  32.
  47.
  62.
  83.
 18 2
  7.
  7.
  7.
  7.
  7.
  7.
  7.
  7.
  7.
  7.
  7.
  7.
  7.
  7.
  7.
  7.
  7.
  7.
 19 3
  106.
  111.
  109.
  107.
  106.
  105.
  104.
  102.
  106.
  125.
  97.
  90.
  85.
  81.
  77.
  73.
  70.
  75.
 19 2
 -1.
  0.
  0.
 -1.
 -3.
 -6.
 -19.
 -60.
 -75.
 -50.
 -10.
 -1.
 -4.
 -31.2
 -59.7
 -50.2
 -25.8
 -7.9
 19 3
  110.
  110.
  110.
  114.
  129.
  145.
  165.
  180.
  182.
  180.
  195.
  205.
  212.
  200.
  130.
  110.
  110.
  110.
 19 1
  10.
  10.
  7.
 -2.
 -16.
 -32.
 -50.
 -70.
 -115.
 -160.
 -177.
 -177.
 -150.
 -110.
 -63.
 -30.
 -10.
  0.
 19 3
  0.
  0.
  0.
 -4.
 -20.
 -32.
 -47.
 -62.
 -83.
 -80.
 -10.
  15.
  28.
  37.6
  40.8
  42.4
  36.
  4.8
 19 2
  7.
  7.
  7.
  7.
  7.
  7.
  7.
  7.
  7.
  7.
  7.
  7.
  7.
  7.
  7.
  7.
  7.
  7.
 20 3
 -125.
 -97.
 -90.
 -85.
 -81.
 -77.
 -73.
 -70.
 -75.
 -106.
 -111.
 -109.
 -107.
 -106.
 -105.
 -104.
 -102.
 -106.
 20 2
 -50.
 -10.
 -1.
 -4.
 -31.2
 -59.7
 -50.2
 -25.8
 -7.9
 -1.
  0.
  0.
 -1.
 -3.
 -6.
 -19.
 -60.
 -75.
 20 3
 -180.
 -195.
 -205.
 -212.
 -200.
 -130.
 -110.
 -110.
 -110.
 -110.
 -110.
 -110.
 -114.
 -129.
 -145.
 -165.
 -180.
 -182.
 20 1
  160.
  177.
  177.
  150.
  110.
  63.
  30.
  10.
  0.
 -10.
 -10.
 -7.
  2.
  16.
  32.
  50.
  70.
  115.
 20 3
  80.
  10.
 -15.
 -28.
 -37.6
 -40.8
 -42.4
 -36.
 -4.8
  0.
  0.
  0.
  4.
  20.
  32.
  47.
  62.
  83.
 20 2
  7.
  7.
  7.
  7.
  7.
  7.
  7.
  7.
  7.
  7.
  7.
  7.
  7.
  7.
  7.
  7.
  7.
  7.
 21 3
  106.
  111.
  109.
  107.
  106.
  105.
  104.
  102.
  106.
  125.
  97.
  90.
  85.
  81.
  77.
  73.
  70.
  75.
 21 2
 -1.
  0.
  0.
 -1.
 -3.
 -6.
 -19.
 -60.
 -75.
 -50.
 -10.
 -1.
 -4.
 -31.2
 -59.7
 -50.2
 -25.8
 -7.9
 21 3
  110.
  110.
  110.
  114.
  129.
  145.
  165.
  180.
  182.
  180.
  195.
  205.
  212.
  200.
  130.
  110.
  110.
  110.
 21 1
  10.
  10.
  7.
 -2.
 -16.
 -32.
 -50.
 -70.
 -115.
 -160.
 -177.
 -177.
 -150.
 -110.
 -63.
 -30.
 -10.
  0.
 21 3
  0.
  0.
  0.
 -4.
 -20.
 -32.
 -47.
 -62.
 -83.
 -80.
 -10.
  15.
  28.
  37.6
  40.8
  42.4
  36.
  4.8
 21 2
  7.
  7.
  7.
  7.
  7.
  7.
  7.
  7.
  7.
  7.
  7.
  7.
  7.
  7.
  7.
  7.
  7.
  7.
0 0
